=== OOF SUMMARY (argmax) ===
Accuracy: 0.728
              precision    recall  f1-score   support

           0       0.74      0.75      0.74       127
           1       0.68      0.85      0.75        27
           2       0.89      0.93      0.91        70
           3       0.68      0.65      0.66       111
           4       0.77      0.83      0.80        48
           5       0.66      0.61      0.64       153
           6       0.72      0.72      0.72        78
           7       0.79      0.79      0.79        29

    accuracy                           0.73       643
   macro avg       0.74      0.77      0.75       643
weighted avg       0.73      0.73      0.73       643

F1_macro per fold: [0.771449555905397, 0.7783054599630687, 0.7596792575240852, 0.6995111308744657, 0.7498675759245474]
Mean F1_macro: 0.752 ± 0.028
AUC_macro per fold: [0.9535224381067896, 0.9594931295147369, 0.9549372305552009, 0.9507149179210744, 0.960740269369465]
Mean AUC_macro: 0.956 ± 0.004

